-id: 10.1128/AEM.01403-14
-id: 10.3389/fmicb.2017.01561
-id: 10.3389/fmicb.2017.00738